 234 241 243 242 244 246 246 248 253 251 251 249 245 237 234 230
 244 253 254 254 254 253 252 253 254 254 253 254 253 253 249 247
 243 253 254 254 254 254 253 253 254 252 249 173 192 214 247 244
 240 249 248 251 249 249 249 251 252 251 218 188 244 173 241 233
 235 244 245 248 244 245 246 245 248 246 232 149 174 192 228 226
 238 244 244 247 223 224 242 242 242 139 155 237 224 234 224 225
 235 243 244 244 163 108 237 239 238 184  83 199 231 231 222 219
 233 241 240 244 101 153 238 240 241 234 128 108 231 228 222 218
 234 239 239 197  92 212 237 237 241 236 211  77 170 224 216 216
 230 240 235 121 127 238 238 237 239 235 232 128  99 224 217 212
 237 248 185  90 218 247 249 248 250 247 243 204  86 189 225 222
 237 227  93 160 250 248 248 249 250 246 243 237 101 139 231 224
 237 245 181 243 249 248 246 246 248 244 240 242 198 226 234 227
 232 244 247 250 249 247 247 247 244 242 237 239 236 235 231 227
 230 239 241 245 245 243 242 240 243 236 235 236 236 230 233 224
 226 238 239 240 243 236 238 235 235 233 232 233 231 229 230 224
 234 255 255 255 255 254 252 253 255 254 254 254 255 253 252 250
 235 255 255 255 255 255 255 254 255 255 254 254 254 253 251 248
 235 255 255 255 255 255 255 254 255 254 252 165 184 203 249 245
 232 253 253 253 254 252 251 252 254 253 229 171 247 165 245 238
 231 248 250 250 250 248 246 247 250 247 238 156 158 186 234 232
 231 246 247 248 229 215 245 245 248 141 132 243 235 239 230 228
 230 246 247 247 168  80 232 243 244 204  75 173 235 234 228 226
 229 244 245 247 107 132 242 242 243 240 144  86 229 231 227 225
 229 244 245 207  75 201 240 241 241 238 223  79 141 230 225 223
 228 240 245 123 105 242 238 240 241 237 234 147  75 218 224 221
 233 253 192  75 211 252 253 253 254 250 247 221  75 165 234 230
 233 236  84 138 253 254 254 254 254 251 247 244 108 104 237 230
 233 251 178 242 253 253 254 253 253 251 246 243 206 219 236 231
 233 250 252 252 253 253 251 252 251 247 243 241 241 237 237 231
 231 247 250 252 250 249 248 247 247 242 241 238 240 236 235 232
 228 242 245 243 247 242 242 242 239 238 236 236 235 235 234 232
 237 255 255 255 255 255 254 255 255 255 255 255 255 255 255 255
 239 255 255 255 255 255 255 255 255 255 255 255 255 255 255 255
 239 255 255 255 255 255 255 255 255 255 255 192 208 217 255 255
 238 255 255 255 255 255 255 255 255 255 241 175 255 178 254 255
 237 255 255 255 255 255 255 255 255 255 250 181 179 195 252 253
 237 255 255 255 240 227 255 255 255 171 136 254 247 254 251 252
 236 255 255 255 187  87 242 255 255 219  89 174 252 253 249 248
 235 255 255 255 127 131 255 255 255 255 170  91 236 252 249 247
 237 255 255 224  84 204 255 255 255 255 243  99 135 249 247 243
 237 255 255 145 106 253 255 255 255 254 255 170  79 222 245 243
 239 255 211  87 208 255 255 255 255 255 255 239  90 163 252 251
 243 245 107 143 255 255 255 255 255 255 255 255 137 104 251 255
 239 253 185 242 255 255 255 255 255 255 255 255 225 225 254 255
 240 255 255 255 255 255 255 255 255 255 255 255 255 255 255 254
 239 255 255 255 255 255 255 255 255 255 255 255 255 255 255 255
 238 255 255 255 255 255 254 255 255 255 255 255 255 255 255 255

 230 247 244 233 226 225 219 218 216 212 222 224 227 227 224 224
 234 249 247 241 228 224 222 222 216 217 225 231 234 231 233 230
 237 253 214 173 192 234 231 228 224 224 189 139 226 235 230 229
 245 253 192 244 174 224 231 231 170  99  86 101 198 236 236 231
 249 254 173 188 149 237 199 108  77 128 204 237 242 239 236 233
 251 253 249 218 232 155  83 128 211 232 243 243 240 237 235 232
 251 254 252 251 246 139 184 234 236 235 247 246 244 242 236 233
 253 254 254 252 248 242 238 241 241 239 250 250 248 244 243 235
 248 253 253 251 245 242 239 240 237 237 248 249 246 247 240 235
 246 252 253 249 246 242 237 238 237 238 249 248 246 247 242 238
 246 253 254 249 245 224 108 153 212 238 247 248 248 247 243 236
 244 254 254 249 244 223 163 101  92 127 218 250 249 249 245 243
 242 254 254 251 248 247 244 244 197 121  90 160 243 250 245 240
 243 254 254 248 245 244 244 240 239 235 185  93 181 247 241 239
 241 253 253 249 244 244 243 241 239 240 248 227 245 244 239 238
 234 244 243 240 235 238 235 233 234 230 237 237 237 232 230 226
 250 248 245 238 232 228 226 225 223 221 230 230 231 231 232 232
 252 251 249 245 234 230 228 227 225 224 234 237 236 237 235 234
 253 253 203 165 186 239 234 231 230 218 165 104 219 237 236 235
 255 254 184 247 158 235 235 229 141  75  75 108 206 241 240 235
 254 254 165 171 156 243 173  86  79 147 221 244 243 241 238 236
 254 254 252 229 238 132  75 144 223 234 247 247 246 243 241 236
 254 255 254 253 247 141 204 240 238 237 250 251 251 247 242 238
 255 255 255 254 250 248 244 243 241 241 254 254 253 251 247 239
 253 254 254 252 247 245 243 242 241 240 253 254 253 252 247 242
 252 255 255 251 246 245 232 242 240 238 253 254 254 251 248 242
 254 255 255 252 248 215  80 132 201 242 252 254 253 253 249 242
 255 255 255 254 250 229 168 107  75 105 211 253 253 253 250 247
 255 255 255 253 250 248 247 247 207 123  75 138 242 252 252 243
 255 255 255 253 250 247 247 245 245 245 192  84 178 252 250 245
 255 255 255 253 248 246 246 244 244 240 253 236 251 250 247 242
 234 235 235 232 231 231 230 229 229 228 233 233 233 233 231 228
 255 255 255 255 253 252 248 247 243 243 251 255 255 254 255 255
 255 255 255 254 252 251 249 249 247 245 252 251 254 255 255 255
 255 255 217 178 195 254 253 252 249 222 163 104 225 255 255 255
 255 255 208 255 179 247 252 236 135  79  90 137 225 255 255 255
 255 255 192 175 181 254 174  91  99 170 239 255 255 255 255 255
 255 255 255 241 250 136  89 170 243 255 255 255 255 255 255 255
 255 255 255 255 255 171 219 255 255 254 255 255 255 255 255 255
 255 255 255 255 255 255 255 255 255 255 255 255 255 255 255 255
 255 255 255 255 255 255 255 255 255 255 255 255 255 255 255 255
 254 255 255 255 255 255 242 255 255 255 255 255 255 255 255 254
 255 255 255 255 255 227  87 131 204 253 255 255 255 255 255 255
 255 255 255 255 255 240 187 127  84 106 208 255 255 255 255 255
 255 255 255 255 255 255 255 255 224 145  87 143 242 255 255 255
 255 255 255 255 255 255 255 255 255 255 211 107 185 255 255 255
 255 255 255 255 255 255 255 255 255 255 255 245 253 255 255 255
 237 239 239 238 237 237 236 235 237 237 239 243 239 240 239 238

 224 230 229 231 233 232 233 235 235 238 236 243 240 239 238 226
 224 233 230 236 236 235 236 243 240 242 243 245 245 241 239 230
 227 231 235 236 239 237 242 244 247 247 247 249 250 247 244 232
 227 234 226 198 242 240 244 248 246 246 248 249 243 181 245 237
 224 231 139 101 237 243 246 250 249 248 248 250 160  93 227 237
 222 225 189  86 204 243 247 250 248 249 247 218  90 185 248 237
 212 217 224  99 128 232 235 239 237 238 238 127 121 235 240 230
 216 216 224 170  77 211 236 241 237 237 212  92 197 239 239 234
 218 222 228 231 108 128 234 241 240 238 153 101 244 240 241 233
 219 222 231 231 199  83 184 238 239 237 108 163 244 244 243 235
 225 224 234 224 237 155 139 242 242 242 224 223 247 244 244 238
 226 228 192 174 149 232 246 248 245 246 245 244 248 245 244 235
 233 241 173 244 188 218 251 252 251 249 249 249 251 248 249 240
 244 247 214 192 173 249 252 254 253 253 254 254 254 254 253 243
 247 249 253 253 254 253 254 254 253 252 253 254 254 254 253 244
 230 234 237 245 249 251 251 253 248 246 246 244 242 243 241 234
 232 234 235 235 236 236 238 239 242 242 242 247 243 245 242 228
 232 235 236 240 238 241 242 247 247 248 249 250 252 250 247 231
 231 237 237 241 241 243 247 251 252 251 253 253 252 252 250 233
 231 236 219 206 243 246 251 253 253 254 253 253 242 178 251 233
 230 237 104 108 244 247 251 254 254 254 254 253 138  84 236 233
 230 234 165  75 221 247 250 254 253 253 252 211  75 192 253 233
 221 224 218  75 147 234 237 241 240 238 242 105 123 245 240 228
 223 225 230 141  79 223 238 241 241 240 201  75 207 245 244 229
 225 227 231 229  86 144 240 243 242 242 132 107 247 245 244 229
 226 228 234 235 173  75 204 244 243 232  80 168 247 247 246 230
 228 230 239 235 243 132 141 248 245 245 215 229 248 247 246 231
 232 234 186 158 156 238 247 250 247 246 248 250 250 250 248 231
 238 245 165 247 171 229 253 254 252 251 252 254 253 253 253 232
 245 249 203 184 165 252 254 255 254 255 255 255 255 255 255 235
 248 251 253 254 254 254 255 255 254 255 255 255 255 255 255 235
 250 252 253 255 254 254 254 255 253 252 254 255 255 255 255 234
 255 255 255 255 255 255 255 255 255 254 255 255 255 255 255 238
 255 255 255 255 255 255 255 255 255 255 255 255 255 255 255 239
 254 255 255 255 255 255 255 255 255 255 255 255 255 255 255 240
 255 254 225 225 255 255 255 255 255 255 255 255 242 185 253 239
 255 251 104 137 255 255 255 255 255 255 255 255 143 107 245 243
 251 252 163  90 239 255 255 255 255 255 255 208  87 211 255 239
 243 245 222  79 170 255 254 255 255 255 253 106 145 255 255 237
 243 247 249 135  99 243 255 255 255 255 204  84 224 255 255 237
 247 249 252 236  91 170 255 255 255 255 131 127 255 255 255 235
 248 249 253 252 174  89 219 255 255 242  87 187 255 255 255 236
 252 251 254 247 254 136 171 255 255 255 227 240 255 255 255 237
 253 252 195 179 181 250 255 255 255 255 255 255 255 255 255 237
 255 254 178 255 175 241 255 255 255 255 255 255 255 255 255 238
 255 255 217 208 192 255 255 255 255 255 255 255 255 255 255 239
 255 255 255 255 255 255 255 255 255 255 255 255 255 255 255 239
 255 255 255 255 255 255 255 255 255 254 255 255 255 255 255 237

 226 230 232 237 237 237 230 234 233 235 238 235 240 243 244 234
 238 239 244 245 227 248 240 239 241 243 244 244 249 253 253 241
 239 241 247 181  93 185 235 239 240 244 244 245 248 254 254 243
 240 245 250 243 160  90 121 197 244 244 247 248 251 254 254 242
 243 245 249 249 250 218 127  92 101 163 223 244 249 254 254 244
 236 243 247 248 248 247 238 212 153 108 224 245 249 254 253 246
 238 242 247 246 248 249 238 237 238 237 242 246 249 253 252 246
 235 240 247 246 249 248 237 237 240 239 242 245 251 253 253 248
 235 243 244 248 250 250 239 241 241 238 242 248 252 254 254 253
 233 236 242 244 246 247 235 236 234 184 139 246 251 252 254 251
 232 235 237 240 243 243 232 211 128  83 155 232 218 249 253 251
 233 236 239 242 237 204 128  77 108 199 237 149 188 173 254 249
 231 236 236 198 101  86  99 170 231 231 224 174 244 192 253 245
 229 230 235 226 139 189 224 224 228 231 234 192 173 214 253 237
 230 233 231 234 231 225 217 216 222 222 224 228 241 247 249 234
 224 224 227 227 224 222 212 216 218 219 225 226 233 244 247 230
 228 231 233 233 233 233 228 229 229 230 231 231 232 235 235 234
 242 247 250 251 236 253 240 244 244 246 246 248 253 255 255 255
 245 250 252 178  84 192 245 245 245 247 247 250 253 255 255 255
 243 252 252 242 138  75 123 207 247 247 248 250 253 255 255 255
 247 250 253 253 253 211 105  75 107 168 229 250 254 255 255 255
 242 249 253 253 254 252 242 201 132  80 215 248 252 255 255 254
 242 248 251 254 254 253 238 240 242 232 245 246 251 255 255 252
 242 247 252 253 254 253 240 241 242 243 245 247 252 254 254 253
 239 247 251 253 254 254 241 241 243 244 248 250 254 255 255 255
 238 242 247 251 251 250 237 238 240 204 141 247 253 254 255 254
 236 241 243 246 247 247 234 223 144  75 132 238 229 252 254 254
 236 238 241 243 244 221 147  79  86 173 243 156 171 165 254 254
 235 240 241 206 108  75  75 141 229 235 235 158 247 184 254 255
 235 236 237 219 104 165 218 230 231 234 239 186 165 203 253 253
 234 235 237 236 237 234 224 225 227 228 230 234 245 249 251 252
 232 232 231 231 230 230 221 223 225 226 228 232 238 245 248 250
 238 239 240 239 243 239 237 237 235 236 237 237 238 239 239 237
 255 255 255 253 245 255 255 255 255 255 255 255 255 255 255 255
 255 255 255 185 107 211 255 255 255 255 255 255 255 255 255 255
 255 255 255 242 143  87 145 224 255 255 255 255 255 255 255 255
 255 255 255 255 255 208 106  84 127 187 240 255 255 255 255 255
 255 255 255 255 255 255 253 204 131  87 227 255 255 255 255 255
 254 255 255 255 255 255 255 255 255 242 255 255 255 255 255 254
 255 255 255 255 255 255 255 255 255 255 255 255 255 255 255 255
 255 255 255 255 255 255 255 255 255 255 255 255 255 255 255 255
 255 255 255 255 255 255 254 255 255 219 171 255 255 255 255 255
 255 255 255 255 255 255 255 243 170  89 136 250 241 255 255 255
 255 255 255 255 255 239 170  99  91 174 254 181 175 192 255 255
 255 255 255 225 137  90  79 135 236 252 247 179 255 208 255 255
 255 255 255 225 104 163 222 249 252 253 254 195 178 217 255 255
 255 255 255 254 251 252 245 247 249 249 251 252 254 255 255 255
 255 255 254 255 255 251 243 243 247 248 252 253 255 255 255 255

