 198 215 222 224 223 221 216 207 211 209 204 204 200 200 204 193
 234 254 254 254 255 255 254 255 254 254 255 255 254 254 254 254
 234 254 254 254 254 255 255 255 254 254 255 255 255 255 255 254
 237 252 255 255 255 255 255 255 255 255 255 255 255 255 255 254
 238 255 255 255 255 255 255 255 255 255 255 255 255 255 255 255
 240 254 255 255 255 254 255 255 255 255 255 255 255 255 255 255
 239 255 255 255 255 255 255 255 255 255 255 255 255 255 255 253
 241 254 254 254 255 255 255 255 255 255 255 254 249 241 254 254
 238 255 255 254 255 255 255 255 254 251 253 254 200 119 119 107
 228 252 253 254 255 255 255 255 255 255 254 255 197 118 113 101
 233 253 253 255 255 255 255 255 255 254 254 254 189 113 105 103
 230 249 253 254 253 255 255 255 255 254 254 254 164  94  89  89
 129 124 134 135 195 252 254 255 255 255 254 252 232 206 191 197
 103 112 109 101 173 253 254 255 254 254 254 252 251 254 251 249
  98 103 107 102 173 251 255 254 252 254 255 255 252 253 254 249
  95 100  99  98 164 253 253 251 251 249 246 245 241 241 241 236
 207 214 214 216 218 214 211 209 210 205 202 200 195 199 197 191
 228 231 231 231 233 232 233 233 230 230 231 231 232 232 231 229
 230 232 233 233 232 231 233 232 232 231 232 232 231 230 230 230
 232 234 233 232 232 233 234 233 231 230 233 233 232 232 233 231
 238 232 232 233 233 233 233 233 232 231 231 232 232 232 230 229
 236 230 233 233 234 233 233 234 233 230 232 232 231 232 232 229
 236 230 230 231 233 232 232 233 231 230 232 232 231 232 231 230
 232 232 232 232 233 232 232 232 231 229 231 231 226 215 229 230
 230 231 233 233 232 232 233 232 231 230 231 230 169  68  59  56
 226 231 233 233 231 232 232 231 230 228 230 230 165  65  63  60
 226 228 231 231 232 232 231 231 230 228 229 231 157  56  57  58
 218 228 232 236 231 231 230 232 231 229 229 232 138  48  47  47
  83  90  92 100 169 233 230 230 229 231 231 232 212 189 173 173
  57  60  61  56 146 231 231 232 231 231 232 229 227 228 229 226
  57  59  58  52 142 230 230 231 230 230 230 227 229 228 226 225
  51  52  54  54 136 235 233 231 229 230 228 227 227 228 226 223
 175 178 177 177 178 176 174 170 172 171 168 166 165 165 163 158
 188 190 189 189 190 189 188 188 189 188 188 187 186 186 187 186
 189 190 190 189 190 191 189 191 191 190 189 189 191 193 192 189
 194 190 189 191 192 189 190 192 192 192 190 188 189 191 188 189
 196 190 191 191 193 190 192 193 192 192 194 193 191 189 189 190
 195 191 190 192 193 190 192 189 190 191 192 191 190 191 189 187
 196 189 190 192 191 189 191 192 191 189 191 190 191 190 189 188
 197 188 189 188 190 190 187 191 191 191 188 188 180 169 177 179
 192 190 189 189 192 191 190 191 191 188 188 187 139  67  56  54
 190 188 189 190 193 191 191 192 189 187 186 184 133  57  54  51
 193 190 188 189 189 190 193 192 191 188 188 187 128  53  53  55
 181 184 187 186 186 190 193 192 190 189 189 188 113  51  49  49
  82  86  89  94 150 190 192 193 193 189 187 186 171 153 142 142
  51  57  55  55 131 193 191 190 189 190 190 187 186 185 183 184
  49  50  52  50 130 188 190 190 188 188 190 189 188 189 188 184
  39  41  47  51 121 184 182 185 185 183 182 182 180 179 182 174

 193 254 254 254 255 255 253 254 107 101 103  89 197 249 249 236
 204 254 255 255 255 255 255 254 119 113 105  89 191 251 254 241
 200 254 255 255 255 255 255 241 119 118 113  94 206 254 253 241
 200 254 255 255 255 255 255 249 200 197 189 164 232 251 252 241
 204 255 255 255 255 255 255 254 254 255 254 254 252 252 255 245
 204 255 255 255 255 255 255 255 253 254 254 254 254 254 255 246
 209 254 254 255 255 255 255 255 251 255 254 254 255 254 254 249
 211 254 254 255 255 255 255 255 254 255 255 255 255 254 252 251
 207 255 255 255 255 255 255 255 255 255 255 255 255 255 254 251
 216 254 255 255 255 255 255 255 255 255 255 255 254 254 255 253
 221 255 255 255 255 254 255 255 255 255 255 255 252 253 251 253
 223 255 254 255 255 255 255 255 255 255 255 253 195 173 173 164
 224 254 254 255 255 255 255 254 254 254 255 254 135 101 102  98
 222 254 254 255 255 255 255 254 255 253 253 253 134 109 107  99
 215 254 254 252 255 254 255 254 255 252 253 249 124 112 103 100
 198 234 234 237 238 240 239 241 238 228 233 230 129 103  98  95
 191 229 230 231 229 229 230 230  56  60  58  47 173 226 225 223
 197 231 230 233 230 232 231 229  59  63  57  47 173 229 226 226
 199 232 230 232 232 232 232 215  68  65  56  48 189 228 228 228
 195 232 231 232 232 231 231 226 169 165 157 138 212 227 229 227
 200 231 232 233 232 232 232 231 230 230 231 232 232 229 227 227
 202 231 232 233 231 232 232 231 231 230 229 229 231 232 230 228
 205 230 231 230 231 230 230 229 230 228 228 229 231 231 230 230
 210 230 232 231 232 233 231 231 231 230 230 231 229 231 230 229
 209 233 232 233 233 234 233 232 232 231 231 232 230 232 231 231
 211 233 233 234 233 233 232 232 233 232 231 230 230 231 230 233
 214 232 231 233 233 233 232 232 232 232 232 231 233 231 230 235
 218 233 232 232 233 234 233 233 232 231 232 231 169 146 142 136
 216 231 233 232 233 233 231 232 233 233 231 236 100  56  52  54
 214 231 233 233 232 233 230 232 233 233 231 232  92  61  58  54
 214 231 232 234 232 230 230 232 231 231 228 228  90  60  59  52
 207 228 230 232 238 236 236 232 230 226 226 218  83  57  57  51
 158 186 189 189 190 187 188 179  54  51  55  49 142 184 184 174
 163 187 192 188 189 189 189 177  56  54  53  49 142 183 188 182
 165 186 193 191 189 191 190 169  67  57  53  51 153 185 189 179
 165 186 191 189 191 190 191 180 139 133 128 113 171 186 188 180
 166 187 189 188 193 191 190 188 187 184 187 188 186 187 189 182
 168 188 189 190 194 192 191 188 188 186 188 189 187 190 190 182
 171 188 190 192 192 191 189 191 188 187 188 189 189 190 188 183
 172 189 191 192 192 190 191 191 191 189 191 190 193 189 188 185
 170 188 191 192 193 189 192 191 191 192 192 192 193 190 190 185
 174 188 189 190 192 192 191 187 190 191 193 193 192 191 190 182
 176 189 191 189 190 190 189 190 191 191 190 190 190 193 188 184
 178 190 190 192 193 193 191 190 192 193 189 186 150 131 130 121
 177 189 189 191 191 192 192 188 189 190 189 186  94  55  50  51
 177 189 190 189 191 190 190 189 189 189 188 187  89  55  52  47
 178 190 190 190 190 191 189 188 190 188 190 184  86  57  50  41
 175 188 189 194 196 195 196 197 192 190 193 181  82  51  49  39

 236 241 241 241 245 246 249 251 251 253 253 164  98  99 100  95
 249 254 253 252 255 255 254 252 254 255 251 173 102 107 103  98
 249 251 254 251 252 254 254 254 255 254 253 173 101 109 112 103
 197 191 206 232 252 254 255 255 255 254 252 195 135 134 124 129
  89  89  94 164 254 254 254 255 255 255 255 253 254 253 249 230
 103 105 113 189 254 254 254 255 255 255 255 255 255 253 253 233
 101 113 118 197 255 254 255 255 255 255 255 255 254 253 252 228
 107 119 119 200 254 253 251 254 255 255 255 255 254 255 255 238
 254 254 241 249 254 255 255 255 255 255 255 255 254 254 254 241
 253 255 255 255 255 255 255 255 255 255 255 255 255 255 255 239
 255 255 255 255 255 255 255 255 255 255 254 255 255 255 254 240
 255 255 255 255 255 255 255 255 255 255 255 255 255 255 255 238
 254 255 255 255 255 255 255 255 255 255 255 255 255 255 252 237
 254 255 255 255 255 255 254 254 255 255 255 254 254 254 254 234
 254 254 254 254 255 255 254 254 255 254 255 255 254 254 254 234
 193 204 200 200 204 204 209 211 207 216 221 223 224 222 215 198
 223 226 228 227 227 228 230 229 231 233 235 136  54  54  52  51
 225 226 228 229 227 230 230 230 231 230 230 142  52  58  59  57
 226 229 228 227 229 232 231 231 232 231 231 146  56  61  60  57
 173 173 189 212 232 231 231 229 230 230 233 169 100  92  90  83
  47  47  48 138 232 229 229 231 232 230 231 231 236 232 228 218
  58  57  56 157 231 229 228 230 231 231 232 232 231 231 228 226
  60  63  65 165 230 230 228 230 231 232 232 231 233 233 231 226
  56  59  68 169 230 231 230 231 232 233 232 232 233 233 231 230
 230 229 215 226 231 231 229 231 232 232 232 233 232 232 232 232
 230 231 232 231 232 232 230 231 233 232 232 233 231 230 230 236
 229 232 232 231 232 232 230 233 234 233 233 234 233 233 230 236
 229 230 232 232 232 231 231 232 233 233 233 233 233 232 232 238
 231 233 232 232 233 233 230 231 233 234 233 232 232 233 234 232
 230 230 230 231 232 232 231 232 232 233 231 232 233 233 232 230
 229 231 232 232 231 231 230 230 233 233 232 233 231 231 231 228
 191 197 199 195 200 202 205 210 209 211 214 218 216 214 214 207
 174 182 179 180 182 182 183 185 185 182 184 121  51  47  41  39
 184 188 189 188 189 190 188 188 190 190 188 130  50  52  50  49
 184 183 185 186 187 190 190 189 190 191 193 131  55  55  57  51
 142 142 153 171 186 187 189 193 193 192 190 150  94  89  86  82
  49  49  51 113 188 189 189 190 192 193 190 186 186 187 184 181
  55  53  53 128 187 188 188 191 192 193 190 189 189 188 190 193
  51  54  57 133 184 186 187 189 192 191 191 193 190 189 188 190
  54  56  67 139 187 188 188 191 191 190 191 192 189 189 190 192
 179 177 169 180 188 188 191 191 191 187 190 190 188 189 188 197
 188 189 190 191 190 191 189 191 192 191 189 191 192 190 189 196
 187 189 191 190 191 192 191 190 189 192 190 193 192 190 191 195
 190 189 189 191 193 194 192 192 193 192 190 193 191 191 190 196
 189 188 191 189 188 190 192 192 192 190 189 192 191 189 190 194
 189 192 193 191 189 189 190 191 191 189 191 190 189 190 190 189
 186 187 186 186 187 188 188 189 188 188 189 190 189 189 190 188
 158 163 165 165 166 168 171 172 170 174 176 178 177 177 178 175

  95  98 103 129 230 233 228 238 241 239 240 238 237 234 234 198
 100 103 112 124 249 253 252 255 254 255 254 255 252 254 254 215
  99 107 109 134 253 253 253 255 254 255 255 255 255 254 254 222
  98 102 101 135 254 255 254 254 254 255 255 255 255 254 254 224
 164 173 173 195 253 255 255 255 255 255 255 255 255 254 255 223
 253 251 253 252 255 255 255 255 255 255 254 255 255 255 255 221
 253 255 254 254 255 255 255 255 255 255 255 255 255 255 254 216
 251 254 255 255 255 255 255 255 255 255 255 255 255 255 255 207
 251 252 254 255 255 255 255 254 255 255 255 255 255 254 254 211
 249 254 254 255 254 254 255 251 255 255 255 255 255 254 254 209
 246 255 254 254 254 254 254 253 255 255 255 255 255 255 255 204
 245 255 252 252 254 254 255 254 254 255 255 255 255 255 255 204
 241 252 251 232 164 189 197 200 249 255 255 255 255 255 254 200
 241 253 254 206  94 113 118 119 241 255 255 255 255 255 254 200
 241 254 251 191  89 105 113 119 254 255 255 255 255 255 254 204
 236 249 249 197  89 103 101 107 254 253 255 255 254 254 254 193
  51  57  57  83 218 226 226 230 232 236 236 238 232 230 228 207
  52  59  60  90 228 228 231 231 232 230 230 232 234 232 231 214
  54  58  61  92 232 231 233 233 232 230 233 232 233 233 231 214
  54  52  56 100 236 231 233 233 232 231 233 233 232 233 231 216
 136 142 146 169 231 232 231 232 233 233 234 233 232 232 233 218
 235 230 231 233 231 232 232 232 232 232 233 233 233 231 232 214
 233 230 231 230 230 231 232 233 232 232 233 233 234 233 233 211
 231 231 232 230 232 231 231 232 232 233 234 233 233 232 233 209
 229 230 231 229 231 230 230 231 231 231 233 232 231 232 230 210
 230 230 231 231 229 228 228 230 229 230 230 231 230 231 230 205
 228 230 232 231 229 229 230 231 231 232 232 231 233 232 231 202
 227 227 229 232 232 231 230 230 231 232 232 232 233 232 231 200
 227 229 227 212 138 157 165 169 226 231 231 232 232 231 232 195
 228 228 228 189  48  56  65  68 215 232 232 232 232 230 232 199
 226 226 229 173  47  57  63  59 229 231 232 230 233 230 231 197
 223 225 226 173  47  58  60  56 230 230 229 229 231 230 229 191
  39  49  51  82 181 193 190 192 197 196 195 196 194 189 188 175
  41  50  57  86 184 190 188 190 188 189 191 190 190 190 190 178
  47  52  55  89 187 188 189 189 189 190 190 191 189 190 189 177
  51  50  55  94 186 189 190 189 188 192 192 191 191 189 189 177
 121 130 131 150 186 189 193 192 190 191 193 193 192 190 190 178
 184 188 193 190 190 190 191 191 190 189 190 190 189 191 189 176
 182 190 191 192 193 193 191 190 187 191 192 192 190 189 188 174
 185 190 190 193 192 192 192 191 191 192 189 193 192 191 188 170
 185 188 189 193 190 191 189 191 191 191 190 192 192 191 189 172
 183 188 190 189 189 188 187 188 191 189 191 192 192 190 188 171
 182 190 190 187 189 188 186 188 188 191 192 194 190 189 188 168
 182 189 187 186 188 187 184 187 188 190 191 193 188 189 187 166
 180 188 186 171 113 128 133 139 180 191 190 191 189 191 186 165
 179 189 185 153  51  53  57  67 169 190 191 189 191 193 186 165
 182 188 183 142  49  53  54  56 177 189 189 189 188 192 187 163
 174 184 184 142  49  55  51  54 179 188 187 190 189 189 186 158

